
1651779767.433489,1.0230324268341064,2.143e-06
1651779768.4384649,2.028008222579956,2.142e-06
1651779769.4425468,3.032090187072754,2.136e-06
1651779770.4433057,4.032849073410034,2.142e-06
1651779771.453649,5.043192386627197,2.142e-06
1651779772.4576206,6.047163963317871,2.142e-06
1651779773.4714994,7.061042785644531,2.142e-06
1651779774.4779246,8.06746792793274,2.142e-06
1651779775.4925616,9.082104921340942,2.15e-06
1651779776.5078676,10.097410917282104,2.143e-06
1651779777.5126681,11.102211475372314,2.142e-06
1651779778.5167525,12.106295824050903,2.143e-06
1651779779.5326252,13.12216854095459,2.142e-06
1651779780.539147,14.128690242767334,2.151e-06
1651779781.5543919,15.143935203552246,2.142e-06
1651779782.5657833,16.15532660484314,2.133e-06
1651779783.5706155,17.16015887260437,2.144e-06
1651779784.5750558,18.164599180221558,2.142e-06
1651779785.591126,19.18066930770874,2.142e-06
1651779786.5950434,20.184586763381958,2.142e-06
1651779787.60207,21.19161343574524,2.149e-06
1651779788.6054876,22.19503092765808,2.142e-06
1651779789.6062794,23.195822715759277,2.133e-06
1651779790.6102314,24.199774742126465,2.142e-06
1651779791.6244185,25.213961839675903,2.134e-06
1651779792.6273353,26.216878652572632,2.153e-06
1651779793.6324997,27.22204303741455,2.142e-06
1651779794.6330788,28.22262215614319,2.142e-06
1651779795.6339478,29.223491191864014,2.142e-06
1651779796.6378722,30.227415561676025,2.142e-06
1651779797.6413636,31.23090696334839,2.133e-06
1651779798.642928,32.232471227645874,2.142e-06
1651779799.6435788,33.23312211036682,2.143e-06
1651779800.6454146,34.2349579334259,2.142e-06
1651779801.6469634,35.23650670051575,2.142e-06
1651779802.6584632,36.24800658226013,2.142e-06
1651779803.6630096,37.25255298614502,2.142e-06
1651779804.676382,38.26592540740967,2.142e-06
1651779805.6905308,39.28007411956787,2.142e-06
1651779806.703039,40.292582273483276,2.144e-06
1651779807.7167108,41.306254148483276,2.142e-06
1651779808.729517,42.31906032562256,2.142e-06
1651779809.7432594,43.33280277252197,2.134e-06
1651779810.747812,44.33735537528992,2.142e-06
1651779811.7501698,45.33971309661865,2.142e-06
1651779812.7558203,46.34536361694336,2.142e-06
1651779813.7708426,47.36038589477539,2.135e-06
1651779814.772196,48.36173939704895,2.142e-06
1651779815.7862146,49.375757932662964,2.144e-06
1651779816.7995327,50.38907599449158,2.142e-06
1651779817.8025892,51.39213252067566,2.142e-06
1651779818.8065252,52.39606857299805,2.142e-06
1651779819.8066478,53.396191120147705,2.142e-06
1651779820.809643,54.39918637275696,2.143e-06
1651779821.824039,55.41358232498169,2.132e-06
1651779822.8274884,56.41703176498413,2.143e-06
1651779823.8292956,57.41883897781372,2.142e-06
1651779824.8306737,58.42021703720093,2.132e-06
1651779825.8307052,59.42024850845337,2.142e-06
1651779826.831603,60.421146392822266,2.133e-06
1651779827.8454878,61.4350311756134,2.152e-06
1651779828.855644,62.44518733024597,2.132e-06
1651779829.8690746,63.45861792564392,2.133e-06
1651779830.8790581,64.46860146522522,2.142e-06
1651779831.8928907,65.48243403434753,2.135e-06
1651779832.8966446,66.48618793487549,2.135e-06
1651779833.8982325,67.4877758026123,2.133e-06
1651779834.9124258,68.5019690990448,2.143e-06
1651779835.9154592,69.50500249862671,2.142e-06
1651779836.916053,70.50559639930725,2.142e-06
1651779837.928217,71.51776027679443,2.131e-06
1651779838.9390259,72.52856922149658,2.141e-06
1651779839.9480164,73.53755974769592,2.14e-06
1651779840.9583738,74.54791712760925,2.141e-06
1651779841.9725573,75.56210064888,2.142e-06
1651779842.9843922,76.57393550872803,2.131e-06
1651779843.996928,77.58647131919861,2.15e-06
1651779845.007921,78.59746432304382,2.141e-06
1651779846.0169392,79.60648250579834,2.141e-06
1651779847.0262406,80.61578392982483,2.141e-06
1651779848.0410106,81.63055396080017,2.141e-06
1651779849.043453,82.63299632072449,2.142e-06
1651779850.0438347,83.63337802886963,2.141e-06
1651779851.0454469,84.63499021530151,2.141e-06
1651779852.060503,85.65004634857178,2.14e-06
1651779853.0615726,86.65111589431763,2.141e-06
1651779854.0664275,87.65597081184387,2.131e-06
1651779855.073707,88.66325044631958,2.141e-06
1651779856.081817,89.67136025428772,2.142e-06
1651779857.0948038,90.68434715270996,2.14e-06
1651779858.103654,91.69319725036621,2.133e-06
1651779859.11708,92.70662331581116,2.141e-06
1651779860.117453,93.70699644088745,2.142e-06
1651779861.1300418,94.71958518028259,2.141e-06
1651779862.130882,95.72042536735535,2.132e-06
1651779863.1337037,96.72324705123901,2.142e-06
1651779864.1388848,97.72842812538147,2.14e-06
1651779865.1406305,98.73017382621765,2.142e-06
1651779866.1454146,99.7349579334259,2.14e-06
1651779867.158908,100.74845123291016,2.139e-06
1651779868.1685486,101.7580919265747,2.141e-06
1651779869.1725986,102.7621419429779,2.141e-06
1651779870.1817052,103.77124857902527,2.132e-06
1651779871.1958039,104.78534722328186,2.141e-06
1651779872.1964324,105.78597569465637,2.142e-06
1651779873.1967013,106.7862446308136,2.14e-06
1651779874.202207,107.79175043106079,2.132e-06
1651779875.2035925,108.79313588142395,2.14e-06
1651779876.205931,109.79547429084778,2.14e-06
1651779877.2097466,110.79928994178772,2.141e-06
1651779878.2134936,111.80303692817688,2.131e-06
1651779879.2174015,112.80694484710693,2.142e-06
1651779880.2222366,113.81177997589111,2.14e-06
1651779881.2325945,114.8221378326416,2.142e-06
1651779882.247649,115.83719229698181,2.131e-06
1651779883.2614532,116.85099649429321,2.154e-06
1651779884.2658606,117.85540390014648,2.148e-06
1651779885.2663639,118.85590720176697,2.145e-06
1651779886.2704349,119.85997819900513,2.146e-06
1651779887.283218,120.87276124954224,2.143e-06
1651779888.2887945,121.87833786010742,2.144e-06
1651779889.3032327,122.89277601242065,2.142e-06
1651779890.3164318,123.9059751033783,2.142e-06
1651779891.3274314,124.91697478294373,2.134e-06
1651779892.3412654,125.93080878257751,2.142e-06
1651779893.346467,126.93601036071777,2.143e-06
1651779894.3523717,127.9419150352478,2.141e-06
1651779895.3671544,128.95669770240784,2.141e-06
1651779896.375932,129.96547532081604,2.15e-06
1651779897.3866868,130.97623014450073,2.132e-06
1651779898.3969038,131.98644709587097,2.133e-06
1651779899.409111,132.99865436553955,2.149e-06
1651779900.419359,134.00890231132507,2.142e-06
1651779901.4315693,135.02111268043518,2.131e-06
1651779902.4426455,136.0321888923645,2.132e-06
1651779903.4576,137.04714345932007,2.139e-06
1651779904.4597414,138.04928469657898,2.141e-06
1651779905.4630175,139.0525608062744,2.141e-06
1651779906.4695325,140.05907583236694,2.14e-06
1651779907.4735858,141.06312918663025,2.151e-06
1651779908.474905,142.06444835662842,2.14e-06
1651779909.4784222,143.06796550750732,2.131e-06
1651779910.4795215,144.06906485557556,2.141e-06
1651779911.493018,145.08256125450134,2.141e-06
1651779912.5072913,146.09683465957642,2.141e-06
1651779913.5108666,147.10040998458862,2.14e-06
1651779914.5125923,148.10213565826416,2.142e-06
1651779915.5272648,149.11680817604065,2.139e-06
1651779916.539554,150.12909746170044,2.142e-06
1651779917.5431578,151.13270115852356,2.141e-06
1651779918.5434256,152.1329689025879,2.141e-06
1651779919.558366,153.1479094028473,2.139e-06
1651779920.5617285,154.15127182006836,2.14e-06
1651779921.564583,155.15412640571594,2.142e-06
1651779922.56833,156.1578733921051,2.131e-06
1651779923.5713944,157.1609377861023,2.142e-06
1651779924.5736263,158.16316962242126,2.14e-06
1651779925.5851295,159.17467284202576,2.14e-06
1651779926.5915203,160.18106365203857,2.14e-06
1651779927.6064181,161.19596147537231,2.14e-06
1651779928.6079624,162.19750571250916,2.133e-06
1651779929.6124804,163.20202374458313,2.131e-06
1651779930.6246543,164.21419763565063,2.141e-06
1651779931.6283863,165.2179296016693,2.14e-06
1651779932.6431463,166.23268961906433,2.131e-06
1651779933.6453774,167.23492074012756,2.131e-06
1651779934.649407,168.23895025253296,2.14e-06
1651779935.6504188,169.23996210098267,2.131e-06
1651779936.6527038,170.24224710464478,2.14e-06
1651779937.656312,171.2458553314209,2.133e-06
1651779938.6624382,172.2519814968109,2.14e-06
1651779939.6624908,173.2520341873169,2.139e-06
1651779940.6662977,174.2558410167694,2.14e-06
1651779941.666567,175.2561104297638,2.139e-06
1651779942.6765313,176.26607465744019,2.139e-06
1651779943.68875,177.27829337120056,2.139e-06
1651779944.6926646,178.28220796585083,2.142e-06
1651779945.6948621,179.2844054698944,2.139e-06
1651779946.7102075,180.29975080490112,2.141e-06
1651779947.7115803,181.3011236190796,2.139e-06
1651779948.7241511,182.3136944770813,2.139e-06
1651779949.7287416,183.31828498840332,2.139e-06
1651779950.7296708,184.31921410560608,2.14e-06
1651779951.7324142,185.3219575881958,2.142e-06
1651779952.734667,186.32421040534973,2.14e-06
1651779953.7473013,187.33684468269348,2.139e-06
1651779954.7615016,188.35104489326477,2.139e-06
1651779955.7673414,189.35688471794128,2.139e-06
1651779956.7718468,190.36139011383057,2.14e-06
1651779957.786836,191.3763792514801,2.145e-06
1651779958.7914906,192.3810338973999,2.155e-06
1651779959.8027654,193.39230871200562,2.137e-06
1651779960.8043728,194.39391613006592,2.137e-06
1651779961.80999,195.39953327178955,2.136e-06
1651779962.8185413,196.4080846309662,2.144e-06
1651779963.8216608,197.41120409965515,2.135e-06
1651779964.8222015,198.41174483299255,2.142e-06
1651779965.8307216,199.42026495933533,2.143e-06
1651779966.8432517,200.43279504776,2.147e-06
1651779967.8547914,201.4443347454071,2.139e-06
1651779968.869764,202.45930743217468,2.135e-06
1651779969.8799274,203.46947073936462,2.144e-06
1651779970.8900924,204.47963571548462,2.145e-06
1651779971.9042747,205.49381804466248,2.143e-06
1651779972.913633,206.50317645072937,2.145e-06
1651779973.9286993,207.51824259757996,2.152e-06
1651779974.9417512,208.5312945842743,2.145e-06
1651779975.9541888,209.54373216629028,2.143e-06
1651779976.964416,210.55395936965942,2.135e-06
1651779977.9783072,211.5678505897522,2.135e-06
1651779978.9886868,212.57823014259338,2.135e-06
1651779980.000741,213.59028434753418,2.145e-06
1651779981.0106492,214.60019254684448,2.142e-06
1651779982.0212348,215.610778093338,2.136e-06
1651779983.0241413,216.61368465423584,2.143e-06
1651779984.0350173,217.62456059455872,2.135e-06
1651779985.0373304,218.62687373161316,2.143e-06
1651779986.053003,219.64254641532898,2.135e-06
1651779987.0661914,220.65573477745056,2.145e-06
1651779988.0778472,221.66739058494568,2.135e-06
1651779989.0917974,222.6813406944275,2.135e-06
1651779990.103754,223.69329738616943,2.142e-06
1651779991.1175578,224.70710110664368,2.142e-06
1651779992.1295567,225.71909999847412,2.142e-06
1651779993.1422877,226.731831073761,2.134e-06
1651779994.157093,227.74663639068604,2.135e-06
1651779995.1712198,228.76076316833496,2.142e-06
1651779996.1830132,229.77255654335022,2.132e-06
1651779997.1869783,230.77652168273926,2.14e-06
1651779998.1993883,231.78893160820007,2.149e-06
1651779999.2146547,232.8041980266571,2.139e-06
1651780000.2213218,233.8108651638031,2.13e-06
1651780001.2304118,234.81995511054993,2.149e-06
1651780002.2439814,235.8335247039795,2.139e-06
1651780003.255413,236.84495639801025,2.131e-06
1651780004.2656524,237.85519576072693,2.139e-06
1651780005.2763898,238.86593317985535,2.138e-06
1651780006.2902865,239.87982988357544,2.139e-06
1651780007.3014994,240.8910427093506,2.13e-06
1651780008.3051481,241.89469146728516,2.141e-06
1651780009.3142107,242.90375399589539,2.147e-06
1651780010.3228517,243.91239500045776,2.149e-06
1651780011.3317447,244.92128801345825,2.138e-06
1651780012.3385284,245.92807173728943,2.129e-06
1651780013.3529236,246.94246697425842,2.139e-06
1651780014.3644502,247.95399355888367,2.139e-06
1651780015.3768668,248.9664101600647,2.14e-06
1651780016.3884156,249.9779589176178,2.13e-06
1651780017.3984892,250.988032579422,2.132e-06
1651780018.409615,251.99915838241577,2.13e-06
1651780019.4117002,253.0012435913086,2.13e-06
1651780020.4270735,254.01661682128906,2.129e-06
1651780021.4411302,255.03067350387573,2.13e-06
1651780022.452777,256.04232025146484,2.139e-06
1651780023.4661248,257.05566811561584,2.138e-06
1651780024.47589,258.0654332637787,2.138e-06
1651780025.4878778,259.0774211883545,2.138e-06
1651780026.4986188,260.0881621837616,2.146e-06
1651780027.4997504,261.089293718338,2.129e-06
1651780028.513425,262.10296845436096,2.138e-06
1651780029.5229325,263.1124758720398,2.139e-06
1651780030.5312917,264.1208350658417,2.138e-06
1651780031.5445793,265.13412261009216,2.138e-06
1651780032.5556169,266.14516019821167,2.137e-06
1651780033.5570912,267.14663457870483,2.137e-06
1651780034.5686529,268.1581962108612,2.138e-06
1651780035.5793328,269.16887617111206,2.138e-06
1651780036.590525,270.1800682544708,2.139e-06
1651780037.6006274,271.1901707649231,2.128e-06
1651780038.610934,272.2004773616791,2.138e-06
1651780039.6249933,273.2145366668701,2.138e-06
1651780040.6384718,274.22801518440247,2.138e-06
1651780041.6484346,275.2379779815674,2.129e-06
1651780042.6575372,276.2470805644989,2.129e-06
1651780043.671503,277.26104640960693,2.139e-06
1651780044.6853354,278.27487874031067,2.129e-06
1651780045.6967845,279.2863278388977,2.13e-06
1651780046.7070377,280.29658102989197,2.137e-06
1651780047.7196455,281.30918884277344,2.128e-06
1651780048.7277558,282.31729912757874,2.136e-06
1651780049.74069,283.330233335495,2.137e-06
1651780050.749466,284.33900928497314,2.129e-06
1651780051.7622528,285.3517961502075,2.137e-06
1651780052.7752342,286.36477756500244,2.138e-06
1651780053.7755346,287.3650779724121,2.136e-06
1651780054.787731,288.37727427482605,2.137e-06
1651780055.795769,289.3853123188019,2.137e-06
1651780056.810488,290.4000313282013,2.129e-06
1651780057.8115435,291.401086807251,2.147e-06
1651780058.8116615,292.40120482444763,2.138e-06
1651780059.8201272,293.40967059135437,2.138e-06
1651780060.8348746,294.4244179725647,2.137e-06
1651780061.845744,295.43528723716736,2.136e-06
1651780062.8487675,296.4383108615875,2.128e-06
1651780063.8640668,297.4536101818085,2.145e-06
1651780064.8768275,298.46637082099915,2.13e-06
1651780065.8887348,299.4782781600952,2.137e-06
1651780066.9021466,300.4916899204254,2.138e-06
1651780067.9138596,301.5034029483795,2.137e-06
1651780068.9246907,302.5142340660095,2.138e-06
1651780069.9370997,303.526643037796,2.137e-06
1651780070.9448187,304.534362077713,2.137e-06
1651780071.9529414,305.5424847602844,2.138e-06
1651780072.9664063,306.55594968795776,2.138e-06
1651780073.9770916,307.56663489341736,2.13e-06
1651780074.990086,308.57962942123413,2.137e-06
1651780076.00265,309.59219336509705,2.127e-06
1651780077.012941,310.6024842262268,2.138e-06
1651780078.0257576,311.61530089378357,2.137e-06
1651780079.0358448,312.6253881454468,2.13e-06
1651780080.0477905,313.6373338699341,2.128e-06
1651780081.0496335,314.63917684555054,2.129e-06
1651780082.0606472,315.65019059181213,2.137e-06
1651780083.0749142,316.66445755958557,2.138e-06
1651780084.0886538,317.67819714546204,2.128e-06
1651780085.1004949,318.6900382041931,2.137e-06
1651780086.1086771,319.6982204914093,2.137e-06
1651780087.1172442,320.70678758621216,2.137e-06
1651780088.128728,321.71827125549316,2.147e-06
1651780089.130714,322.7202572822571,2.137e-06
1651780090.1416907,323.7312340736389,2.138e-06
1651780091.1570308,324.7465741634369,2.137e-06
1651780092.1684735,325.7580168247223,2.137e-06
1651780093.179161,326.7687044143677,2.138e-06
1651780094.1823802,327.7719235420227,2.137e-06
1651780095.190727,328.7802703380585,2.138e-06
1651780096.2017202,329.79126358032227,2.136e-06
1651780097.211715,330.8012583255768,2.129e-06
1651780098.2222688,331.8118121623993,2.128e-06
1651780099.2369697,332.8265130519867,2.137e-06
1651780100.2455208,333.83506417274475,2.136e-06
1651780101.253077,334.8426203727722,2.145e-06
1651780102.265277,335.85482025146484,2.137e-06
1651780103.2817078,336.8712511062622,2.136e-06
1651780104.2922146,337.88175797462463,2.137e-06
1651780105.2996988,338.8892421722412,2.138e-06
1651780106.311075,339.90061831474304,2.128e-06
1651780107.3207006,340.9102439880371,2.137e-06
1651780108.3296318,341.91917514801025,2.138e-06
1651780109.3430097,342.9325530529022,2.15e-06
1651780110.349806,343.9393494129181,2.141e-06
1651780111.357615,344.9471583366394,2.142e-06
1651780112.3718338,345.96137714385986,2.142e-06
1651780113.381698,346.97124123573303,2.141e-06
1651780114.3939998,347.9835431575775,2.141e-06
1651780115.4076033,348.9971466064453,2.133e-06
1651780116.4185307,350.0080740451813,2.142e-06
1651780117.4319363,351.0214796066284,2.142e-06
1651780118.4417694,352.0313127040863,2.139e-06
1651780119.4564297,353.04597306251526,2.139e-06
1651780120.4669933,354.0565366744995,2.13e-06
1651780121.4773004,355.06684374809265,2.138e-06
1651780122.4869204,356.0764636993408,2.134e-06
1651780123.5008194,357.0903627872467,2.142e-06
1651780124.5111845,358.10072779655457,2.14e-06
1651780125.5240128,359.1135561466217,2.132e-06
1651780126.5377011,360.12724447250366,2.141e-06
1651780127.5497005,361.13924384117126,2.141e-06
1651780128.5625021,362.15204548835754,2.149e-06
1651780129.5771189,363.1666622161865,2.14e-06
1651780130.585689,364.1752324104309,2.131e-06
1651780131.592929,365.1824722290039,2.131e-06
1651780132.606734,366.1962773799896,2.14e-06
1651780133.6196165,367.2091598510742,2.129e-06
1651780134.6216233,368.2111666202545,2.138e-06
1651780135.6290627,369.2186059951782,2.138e-06
1651780136.631566,370.2211093902588,2.145e-06
1651780137.6434863,371.23302960395813,2.138e-06
1651780138.656794,372.24633741378784,2.128e-06
1651780139.671191,373.2607343196869,2.138e-06
1651780140.673009,374.26255226135254,2.137e-06
1651780141.6869123,375.27645564079285,2.137e-06
1651780142.7016096,376.29115295410156,2.128e-06
1651780143.714824,377.30436730384827,2.137e-06
1651780144.726896,378.3164393901825,2.138e-06
1651780145.7394578,379.3290011882782,2.127e-06
1651780146.749734,380.33927726745605,2.127e-06
1651780147.7668633,381.3564066886902,2.127e-06
1651780148.7784417,382.3679850101471,2.136e-06
1651780149.7909634,383.3805067539215,2.136e-06
1651780150.8050148,384.39455819129944,2.137e-06
1651780151.8170202,385.4065635204315,2.129e-06
1651780152.8339863,386.42352962493896,2.136e-06
1651780153.840814,387.4303574562073,2.136e-06
1651780154.8496768,388.4392201900482,2.136e-06
1651780155.8616478,389.4511911869049,2.135e-06
1651780156.8745952,390.464138507843,2.136e-06
1651780157.8855946,391.47513794898987,2.135e-06
1651780158.9002733,392.4898166656494,2.13e-06
1651780159.9104202,393.4999635219574,2.136e-06
1651780160.9115214,394.50106477737427,2.127e-06
1651780161.9115486,395.5010919570923,2.135e-06
1651780162.9238935,396.513436794281,2.135e-06
1651780163.93677,397.5263133049011,2.137e-06
1651780164.9483764,398.53791975975037,2.128e-06
1651780165.9587967,399.5483400821686,2.128e-06
1651780166.9716609,400.5612041950226,2.136e-06
1651780167.98289,401.5724332332611,2.129e-06
1651780168.9848855,402.5744287967682,2.135e-06
1651780170.000511,403.59005427360535,2.128e-06
1651780171.0023856,404.5919289588928,2.127e-06
1651780172.0026743,405.5922176837921,2.127e-06
1651780173.0152931,406.6048364639282,2.13e-06
1651780174.0292742,407.6188175678253,2.127e-06
1651780175.0419266,408.6314699649811,2.138e-06
1651780176.055773,409.645316362381,2.137e-06
1651780177.0647464,410.6542897224426,2.128e-06
1651780178.074752,411.6642954349518,2.136e-06
1651780179.0876892,412.677232503891,2.128e-06
1651780180.1016123,413.69115567207336,2.138e-06
1651780181.1156425,414.70518589019775,2.136e-06
1651780182.1222866,415.7118299007416,2.136e-06
1651780183.1348662,416.7244095802307,2.135e-06
1651780184.147575,417.73711824417114,2.127e-06
1651780185.1497,418.7392432689667,2.135e-06
1651780186.1608999,419.75044322013855,2.136e-06
1651780187.176982,420.7665252685547,2.129e-06
1651780188.1925545,421.7820978164673,2.135e-06
1651780189.2069383,422.7964816093445,2.136e-06
1651780190.2222679,423.811811208725,2.135e-06
1651780191.229335,424.8188784122467,2.127e-06
1651780192.2427297,425.8322730064392,2.127e-06
1651780193.2447057,426.8342490196228,2.136e-06
1651780194.2568407,427.8463840484619,2.136e-06
1651780195.2598011,428.8493444919586,2.136e-06
1651780196.2759066,429.8654499053955,2.135e-06
1651780197.2783232,430.8678665161133,2.136e-06
1651780198.2873569,431.87690019607544,2.136e-06